| Instance	| Size			| Best	| Seed	
===================================================
| 41		| 200 x 1000	| 494	| 853590140	
| 42		| 200 x 1000	| 595	| 170137346	
| 43		| 200 x 1000	| 589	| 1395048902	
| 44		| 200 x 1000	| 557	| 2066500683	
| 45		| 200 x 1000	| 564	| 181767659	
| 46		| 200 x 1000	| 655	| 561951005	
| 47		| 200 x 1000	| 499	| 1442645587	
| 48		| 200 x 1000	| 548	| 1114397421	
| 49		| 200 x 1000	| 758	| 2147095195	
| 50		| 200 x 2000	| 298	| 1672993192	
| 51		| 200 x 2000	| 307	| 98115492	
| 52		| 200 x 2000	| 374	| 2111154166	
